"3D volumique et générique","mots_cles_thesaurus_gemet","","filtered_html","0",""
"Activité économique","mots_cles_thesaurus_gemet","","filtered_html","0",""
"Climat, météo","mots_cles_thesaurus_gemet","","filtered_html","0",""
"Démographie et population","mots_cles_thesaurus_gemet","","filtered_html","0",""
"Energie","mots_cles_thesaurus_gemet","","filtered_html","0",""
"Espace public","mots_cles_thesaurus_gemet","","filtered_html","0",""
"Hydrographie","mots_cles_thesaurus_gemet","","filtered_html","0",""
"Limites administratives et découpage des territoires","mots_cles_thesaurus_gemet","","filtered_html","0",""
"Logement, politique de la ville","mots_cles_thesaurus_gemet","","filtered_html","0",""
"Mobilité, transport","mots_cles_thesaurus_gemet","","filtered_html","0",""
"Occupation du sol, sol, sous-sol","mots_cles_thesaurus_gemet","","filtered_html","0",""
"Patrimoine naturel","mots_cles_thesaurus_gemet","","filtered_html","0",""
"Patrimoine, tourisme, loisirs","mots_cles_thesaurus_gemet","","filtered_html","0",""
"Photothèque","mots_cles_thesaurus_gemet","","filtered_html","0",""
"Référentiels","mots_cles_thesaurus_gemet","","filtered_html","0",""
"Réseaux","mots_cles_thesaurus_gemet","","filtered_html","0",""
"Risques et sécurité","mots_cles_thesaurus_gemet","","filtered_html","0",""
"Services et équipements publics","mots_cles_thesaurus_gemet","","filtered_html","0",""
"Urbanisme et foncier","mots_cles_thesaurus_gemet","","filtered_html","0",""
"Terrain","mots_cles_thesaurus_gemet","","filtered_html","0",""
"Bâtiments et ouvrages","mots_cles_thesaurus_gemet","","filtered_html","0",""
"Sur-sol","mots_cles_thesaurus_gemet","","filtered_html","0",""
"Agriculture et élevage","mots_cles_thesaurus_gemet","","filtered_html","0",""
"Emploi","mots_cles_thesaurus_gemet","","filtered_html","0",""
"Entreprises et commerces","mots_cles_thesaurus_gemet","","filtered_html","0",""
"Pêche","mots_cles_thesaurus_gemet","","filtered_html","0",""
"Sylviculture","mots_cles_thesaurus_gemet","","filtered_html","0",""
"Climat","mots_cles_thesaurus_gemet","","filtered_html","0",""
"Météo","mots_cles_thesaurus_gemet","","filtered_html","0",""
"Recensement","mots_cles_thesaurus_gemet","","filtered_html","0",""
"Projections","mots_cles_thesaurus_gemet","","filtered_html","0",""
"Statistiques","mots_cles_thesaurus_gemet","","filtered_html","0",""
"Production","mots_cles_thesaurus_gemet","","filtered_html","0",""
"Consommation","mots_cles_thesaurus_gemet","","filtered_html","0",""
"Mobilier urbain","mots_cles_thesaurus_gemet","","filtered_html","0",""
"Espaces verts","mots_cles_thesaurus_gemet","","filtered_html","0",""
"Déchets et propreté","mots_cles_thesaurus_gemet","","filtered_html","0",""
"Réseaux et ouvrages","mots_cles_thesaurus_gemet","","filtered_html","0",""
"Mesures","mots_cles_thesaurus_gemet","","filtered_html","0",""
"Zonages, périmètres et programmes d'action","mots_cles_thesaurus_gemet","","filtered_html","0",""
"Limites administratives","mots_cles_thesaurus_gemet","","filtered_html","0",""
"Grilles et carroyages","mots_cles_thesaurus_gemet","","filtered_html","0",""
"Immobilier et logement","mots_cles_thesaurus_gemet","","filtered_html","0",""
"Politique de la ville","mots_cles_thesaurus_gemet","","filtered_html","0",""
"Organisation et planification","mots_cles_thesaurus_gemet","","filtered_html","0",""
"Déplacement collectif","mots_cles_thesaurus_gemet","","filtered_html","0",""
"Modes actifs","mots_cles_thesaurus_gemet","","filtered_html","0",""
"Stationnement","mots_cles_thesaurus_gemet","","filtered_html","0",""
"Transport aérien","mots_cles_thesaurus_gemet","","filtered_html","0",""
"Transport ferroviaire","mots_cles_thesaurus_gemet","","filtered_html","0",""
"Transport maritime et fluvial","mots_cles_thesaurus_gemet","","filtered_html","0",""
"Transport routier et voirie","mots_cles_thesaurus_gemet","","filtered_html","0",""
"Mode d’occupation du sol","mots_cles_thesaurus_gemet","","filtered_html","0",""
"Sol et Sous-sol","mots_cles_thesaurus_gemet","","filtered_html","0",""
"Bocage","mots_cles_thesaurus_gemet","","filtered_html","0",""
"Habitats et biotopes","mots_cles_thesaurus_gemet","","filtered_html","0",""
"Zonages de protection, de gestion ou d'intervention","mots_cles_thesaurus_gemet","","filtered_html","0",""
"Patrimoine architectural et culturel","mots_cles_thesaurus_gemet","","filtered_html","0",""
"Tourisme et Loisirs","mots_cles_thesaurus_gemet","","filtered_html","0",""
"Photographies aériennes obliques","mots_cles_thesaurus_gemet","","filtered_html","0",""
"Photographies géolocalisées","mots_cles_thesaurus_gemet","","filtered_html","0",""
"Altitude","mots_cles_thesaurus_gemet","","filtered_html","0",""
"Cadastre","mots_cles_thesaurus_gemet","","filtered_html","0",""
"Imagerie","mots_cles_thesaurus_gemet","","filtered_html","0",""
"Fonds cartographiques","mots_cles_thesaurus_gemet","","filtered_html","0",""
"Référentiels maritimes","mots_cles_thesaurus_gemet","","filtered_html","0",""
"Topographie et très grande échelle","mots_cles_thesaurus_gemet","","filtered_html","0",""
"Voies et adresses","mots_cles_thesaurus_gemet","","filtered_html","0",""
"Transport d’énergie","mots_cles_thesaurus_gemet","","filtered_html","0",""
"Réseaux humides","mots_cles_thesaurus_gemet","","filtered_html","0",""
"Réseaux numériques","mots_cles_thesaurus_gemet","","filtered_html","0",""
"Eclairage et signalisation","mots_cles_thesaurus_gemet","","filtered_html","0",""
"Sécurité civile et forces de l'ordre","mots_cles_thesaurus_gemet","","filtered_html","0",""
"Risques naturels","mots_cles_thesaurus_gemet","","filtered_html","0",""
"Risques sanitaires","mots_cles_thesaurus_gemet","","filtered_html","0",""
"Risques technologiques","mots_cles_thesaurus_gemet","","filtered_html","0",""
"Culture et sport","mots_cles_thesaurus_gemet","","filtered_html","0",""
"Education, enseignement, social et citoyenneté","mots_cles_thesaurus_gemet","","filtered_html","0",""
"Administrations","mots_cles_thesaurus_gemet","","filtered_html","0",""
"Santé","mots_cles_thesaurus_gemet","","filtered_html","0",""
"Points d’intérêts","mots_cles_thesaurus_gemet","","filtered_html","0",""
"Zonages divers","mots_cles_thesaurus_gemet","","filtered_html","0",""
"Foncier et droit des sols","mots_cles_thesaurus_gemet","","filtered_html","0",""
"Planification et documents d'urbanisme","mots_cles_thesaurus_gemet","","filtered_html","0",""
"Projets","mots_cles_thesaurus_gemet","","filtered_html","0",""
"Autres","mots_cles_thesaurus_gemet","Eléments n'entrant pas dans les catégories standards INSPIRE","line_breaks_to_br","0",""
